0.033
0.2
0.433
0.533
0.6
0.833
0.867
0.9
0.933
0.967
1
1.033
1.067
1.1
2.3
2.567
2.6
2.633
2.667
2.733
2.767
2.9
3.067
5.333
8.7
8.867
9
9.034
9.067
9.1
12.334
15
17.2
22.1
23.267
26.9
27.267
53.167
54.734
54.767
54.8
56.2
56.467
64.2
65.333
68.3
74.4
77.066
77.3
78.333
78.733
92.5
95
96.534
98.634
100.3
100.834
105.7
108.1
108.7
113
113.8
114.234
114.3
114.934
115
115.167
115.2
115.367
115.7
115.967
116.2
116.367
116.667
116.767
116.967
117.634
119.134
134.634
138.834
142.934
147.5
154.8
157.7
159.867
160.667
161.467
161.633
162.333
169.2
171.1
177.133
198.066
201.3
227.534
247.2
254.466
254.633
254.666
254.7
254.733
254.833
257
265.4
267.6
274.1
309.4
317.233
320.033
321.7
322.967
324.233
324.267
324.3
324.333
324.367
324.4
325.033
325.1
325.133
325.233
325.6
332.666
332.733
333.766
336
357.5
364.234
371.066
372.933
375.133
376
380.5
381.4
